11,12,16,17,18 1 2016 P1
2,3,21,26,30,31 1 2016 P2
4,5,6,7,8 1 2016 CP
3,4,5,9,10,13,14 2 2016 P1
17,18,19,22,23,27,28 2 2016 P2
2,3,4,7,8,12,13,29,30,31 3 2016 P1
14,16,17,18,21,22,26,27 3 2016 P2
5,6,9,10,11,27,29 4 2016 P1
13,14,15,18,19,23,24 4 2016 P2
29 4 2016 RC12
2,3,4,20,21,22,30 5 2016 P2
24,25 5 2016 P1
8,9,10,11,12,13,14,15 5 2016 CP
28,29 5 2016 R1
4,5,8,9,10,13,14 6 2016 P1
18,19,22,23,24,27,28 6 2016 P2
26 6 2016 R1
11,12,13,15,30,31 7 2016 P1
1,4,5,6,8,18,22,23,24 7 2016 P2
10,13,14,15,17,27,28 8 2016 P1
1,4,5,9,19,22,24,31 8 2016 P2
21 8 2016 R1
6,7,8 9 2016 P1
2,4 9 2016 P2
2 9 2016 R1
12,13,14,15,16,17,18,19,20,21,22,23,24,25,26,27,28,29,30 9 2016 CP
1,2 10 2016 CP
3,4,5,11,12,25,26,29,30 10 2016 P1
8 10 R1
15,16,18,19,21 10 2016 P2
15,16,17 11 2016 P1
1,2,5,9,10,11,24,25 11 2016 P2
6,26,27 11 2016 R1
14,15,29,30 12 2016 P1
1,2,5,9,10,11,20,21,24,25 12 2016 P2


