5,6,10,11,14,15,16 1 2015 P2
26,27,31 1 2015 P1
1,2 1 2015 P5
1,23,24,28 2 2015 P1
9,10,11,12,13 2 2015 P5
4,5,6 2 2015 P4
1,4,5,6,16,21,22,25,26,27 3 2015 P1
9,10,11,12,13 3 2015 CP
30,31 3 2015 P2
4,5,7,8 4 2015 P2
13,18,19,22,23,27,28 4 2015 P1
2,3 5 2015 P1
6,7,14,15 5 2015 P2
18,19,20,21,22,25,26,27,28,29 5 2015 CP
1,2,6,7,11,12,15,16,20,21,24,25,26 6 2015 P1
29,30 6 2015 P2
4,5,8,9,10,13,14 7 2015 P2
20,21,25,26,29,30,31 7 2015 P1
3,4,8,9,12,13,14 8 2015 P1
17,18,22,23,26,27,28,31 8 2015 P2
1,5,6,11,14,15,19,20 9 2015 P2
24,25,30 9 2015 P1
1 10 2015 P1
5,6,7,8,9,12,13,14,15,16 10 2015 CP
19,20,24,25,28,29,30 10 2015 P2
2,3,7,8,11,12,13,16,17,21,22,25,26 11 2015 P1
30 11 2015 P2
9,10,11,14,19,20 12 2015 P1
5,6,23,24,25,28,29 12 2015 P2 