4,5,13,14,18,19,22,23,24,27,28 1 2014 P2
6,7,8,9,10 1 2014 P5
5,6,7,8,10,11,15,16,19 2 2014 P1
1,2 2 2014 P2
24,25,26,27,28 2 2014 P3
3,4,8,9,12,13,14 3 2014 P1
17,18,22,23,26,27,28 3 2014 P2
31 3 2014 P3
7,8,12,13,16,17,18,29 4 2014 P1
1,2,3,4 4 2014 P3
26,27 4 2014 P2
3,4,7,8,9 5 2014 P1
19,20,21,22,23,26,27,28,29,30 5 2014 CP
12 5 2014 P4
17,18 5 2014 P6
1 6 2014 CP
2,3,7,8 6 2014 P1 
11,12,13,16,17,21,22,25,26,27,30 6 2014 P2 
9,10,11 7 2014 P1
1,5,6 7 2014 P2
30,31 7 2014 P4
14,15,19,20,25,26 7 2014 P7
4,5,7,9,10,13,14,15,18,19,23,24,27,28,29 8 2014 P1
1 8 2014 P4
1,2,6,7,10,11,12 9 2014 P2
29,30 9 2014 P1
15 9 2014 P4
23,24,25,26 9 2014 P5
20,21 9 2014 P7
4,5,8,9,10,13,14,18,19 10 2014 P1
22,23,24 10 2014 P2
27,28,29,30,31 10 2014 P4
3,4,5,6,7,8,9,10,11,12,13,14,15,16 11 2014 CP
19,20,21 11 2014 P1
24,25,29,30 11 2014 P2
8,9,13,14,17,18,19 12 2014 P1
2,3,4,5 12 2014 P4
22,23,25,26,29,31 12 2014 P5